5.366577892360092e+08,-2.382782866877805e+07,0.000000000000000e+00,-4.740504289050375e+08,0.000000000000000e+00,0.000000000000000e+00,0.000000000000000e+00,0.000000000000000e+00,0.000000000000000e+00,0.000000000000000e+00,0.000000000000000e+00,0.000000000000000e+00,0.000000000000000e+00,1.157095304359964e+08,-1.633846032235782e+09,9.611841088398543e+07,0.000000000000000e+00,1.432019964335917e+09,0.000000000000000e+00,0.000000000000000e+00,0.000000000000000e+00,0.000000000000000e+00,0.000000000000000e+00,0.000000000000000e+00,0.000000000000000e+00,0.000000000000000e+00,0.000000000000000e+00
-2.382782866877805e+07,7.884090841824542e+07,-5.501307974946737e+07,0.000000000000000e+00,0.000000000000000e+00,0.000000000000000e+00,0.000000000000000e+00,0.000000000000000e+00,0.000000000000000e+00,0.000000000000000e+00,0.000000000000000e+00,0.000000000000000e+00,0.000000000000000e+00,0.000000000000000e+00,9.523591834551848e+07,-2.048541967116282e+08,1.090216405175849e+08,0.000000000000000e+00,0.000000000000000e+00,0.000000000000000e+00,0.000000000000000e+00,0.000000000000000e+00,0.000000000000000e+00,0.000000000000000e+00,0.000000000000000e+00,0.000000000000000e+00,0.000000000000000e+00
0.000000000000000e+00,-5.501307974946737e+07,2.392179328858117e+11,-7.975827876639643e+07,0.000000000000000e+00,-9.611175592493102e+11,2.775766483291138e+11,4.444577493929005e+11,0.000000000000000e+00,0.000000000000000e+00,0.000000000000000e+00,0.000000000000000e+00,0.000000000000000e+00,0.000000000000000e+00,0.000000000000000e+00,1.087357858276427e+08,-2.649860296099802e+08,1.559643890923953e+08,0.000000000000000e+00,0.000000000000000e+00,0.000000000000000e+00,0.000000000000000e+00,0.000000000000000e+00,0.000000000000000e+00,0.000000000000000e+00,0.000000000000000e+00,0.000000000000000e+00
-4.740504289050375e+08,0.000000000000000e+00,-7.975827876639643e+07,5.778013927848525e+08,-2.098230906788292e+06,0.000000000000000e+00,0.000000000000000e+00,0.000000000000000e+00,0.000000000000000e+00,0.000000000000000e+00,0.000000000000000e+00,0.000000000000000e+00,0.000000000000000e+00,8.121111859102836e+07,1.426075002120813e+09,0.000000000000000e+00,1.559643890923953e+08,-1.673758619033405e+09,0.000000000000000e+00,0.000000000000000e+00,0.000000000000000e+00,0.000000000000000e+00,0.000000000000000e+00,0.000000000000000e+00,0.000000000000000e+00,0.000000000000000e+00,0.000000000000000e+00
0.000000000000000e+00,0.000000000000000e+00,0.000000000000000e+00,-2.098230906788292e+06,2.664286186351927e+08,0.000000000000000e+00,0.000000000000000e+00,0.000000000000000e+00,0.000000000000000e+00,-1.432931914061398e+08,-1.210371963222646e+08,0.000000000000000e+00,0.000000000000000e+00,0.000000000000000e+00,0.000000000000000e+00,0.000000000000000e+00,0.000000000000000e+00,0.000000000000000e+00,-2.739824504903073e+08,0.000000000000000e+00,0.000000000000000e+00,0.000000000000000e+00,0.000000000000000e+00,1.179737334453548e+08,1.560087170449525e+08,0.000000000000000e+00,0.000000000000000e+00
0.000000000000000e+00,0.000000000000000e+00,-9.611175592493102e+11,0.000000000000000e+00,0.000000000000000e+00,4.186097323216542e+12,-1.438180815981446e+12,-1.786798947985786e+12,0.000000000000000e+00,0.000000000000000e+00,0.000000000000000e+00,0.000000000000000e+00,0.000000000000000e+00,0.000000000000000e+00,0.000000000000000e+00,0.000000000000000e+00,0.000000000000000e+00,0.000000000000000e+00,0.000000000000000e+00,0.000000000000000e+00,0.000000000000000e+00,0.000000000000000e+00,0.000000000000000e+00,0.000000000000000e+00,0.000000000000000e+00,0.000000000000000e+00,0.000000000000000e+00
0.000000000000000e+00,0.000000000000000e+00,2.775766483291138e+11,0.000000000000000e+00,0.000000000000000e+00,-1.438180815981446e+12,6.445620036016511e+11,5.160421640506811e+11,0.000000000000000e+00,0.000000000000000e+00,0.000000000000000e+00,0.000000000000000e+00,0.000000000000000e+00,0.000000000000000e+00,0.000000000000000e+00,0.000000000000000e+00,0.000000000000000e+00,0.000000000000000e+00,0.000000000000000e+00,0.000000000000000e+00,0.000000000000000e+00,0.000000000000000e+00,0.000000000000000e+00,0.000000000000000e+00,0.000000000000000e+00,0.000000000000000e+00,0.000000000000000e+00
0.000000000000000e+00,0.000000000000000e+00,4.444577493929005e+11,0.000000000000000e+00,0.000000000000000e+00,-1.786798947985786e+12,5.160421640506811e+11,8.274402671303115e+11,-1.077073079357070e+09,0.000000000000000e+00,0.000000000000000e+00,0.000000000000000e+00,-6.415950875008403e+07,0.000000000000000e+00,0.000000000000000e+00,0.000000000000000e+00,0.000000000000000e+00,0.000000000000000e+00,0.000000000000000e+00,0.000000000000000e+00,0.000000000000000e+00,-2.528295765913411e+08,1.782106533467838e+08,0.000000000000000e+00,0.000000000000000e+00,0.000000000000000e+00,7.461892324455735e+07
0.000000000000000e+00,0.000000000000000e+00,0.000000000000000e+00,0.000000000000000e+00,0.000000000000000e+00,0.000000000000000e+00,0.000000000000000e+00,-1.077073079357070e+09,1.686647737106165e+09,-6.095746577490954e+08,0.000000000000000e+00,0.000000000000000e+00,0.000000000000000e+00,0.000000000000000e+00,0.000000000000000e+00,0.000000000000000e+00,0.000000000000000e+00,0.000000000000000e+00,0.000000000000000e+00,0.000000000000000e+00,0.000000000000000e+00,1.782106533467838e+08,-7.625180802186568e+08,5.843074268718729e+08,0.000000000000000e+00,0.000000000000000e+00,0.000000000000000e+00
0.000000000000000e+00,0.000000000000000e+00,0.000000000000000e+00,0.000000000000000e+00,-1.432931914061398e+08,0.000000000000000e+00,0.000000000000000e+00,0.000000000000000e+00,-6.095746577490954e+08,7.528678491552353e+08,0.000000000000000e+00,0.000000000000000e+00,0.000000000000000e+00,0.000000000000000e+00,0.000000000000000e+00,0.000000000000000e+00,0.000000000000000e+00,0.000000000000000e+00,1.179737334453548e+08,0.000000000000000e+00,0.000000000000000e+00,0.000000000000000e+00,5.843074268718729e+08,-7.022811603172277e+08,0.000000000000000e+00,0.000000000000000e+00,0.000000000000000e+00
0.000000000000000e+00,0.000000000000000e+00,0.000000000000000e+00,0.000000000000000e+00,-1.210371963222646e+08,0.000000000000000e+00,0.000000000000000e+00,0.000000000000000e+00,0.000000000000000e+00,0.000000000000000e+00,1.210371963222646e+08,0.000000000000000e+00,0.000000000000000e+00,0.000000000000000e+00,0.000000000000000e+00,0.000000000000000e+00,0.000000000000000e+00,0.000000000000000e+00,1.560087170449525e+08,0.000000000000000e+00,0.000000000000000e+00,0.000000000000000e+00,0.000000000000000e+00,0.000000000000000e+00,-1.560087170449525e+08,0.000000000000000e+00,0.000000000000000e+00
0.000000000000000e+00,0.000000000000000e+00,0.000000000000000e+00,0.000000000000000e+00,0.000000000000000e+00,0.000000000000000e+00,0.000000000000000e+00,0.000000000000000e+00,0.000000000000000e+00,0.000000000000000e+00,0.000000000000000e+00,1.331406096722364e+08,-1.331406096722364e+08,0.000000000000000e+00,0.000000000000000e+00,0.000000000000000e+00,0.000000000000000e+00,0.000000000000000e+00,0.000000000000000e+00,0.000000000000000e+00,0.000000000000000e+00,0.000000000000000e+00,0.000000000000000e+00,0.000000000000000e+00,0.000000000000000e+00,-1.754133978013195e+08,1.754133978013195e+08
0.000000000000000e+00,0.000000000000000e+00,0.000000000000000e+00,0.000000000000000e+00,0.000000000000000e+00,0.000000000000000e+00,0.000000000000000e+00,-6.415950875008403e+07,0.000000000000000e+00,0.000000000000000e+00,0.000000000000000e+00,-1.331406096722364e+08,1.973001184223204e+08,0.000000000000000e+00,0.000000000000000e+00,0.000000000000000e+00,0.000000000000000e+00,0.000000000000000e+00,0.000000000000000e+00,0.000000000000000e+00,0.000000000000000e+00,7.461892324455735e+07,0.000000000000000e+00,0.000000000000000e+00,0.000000000000000e+00,1.754133978013195e+08,-2.500323210458769e+08
1.157095304359964e+08,0.000000000000000e+00,0.000000000000000e+00,8.121111859102838e+07,0.000000000000000e+00,0.000000000000000e+00,0.000000000000000e+00,0.000000000000000e+00,0.000000000000000e+00,0.000000000000000e+00,0.000000000000000e+00,0.000000000000000e+00,0.000000000000000e+00,7.068997944522824e+08,-3.755695746717441e+08,0.000000000000000e+00,0.000000000000000e+00,-3.364438175571883e+08,0.000000000000000e+00,0.000000000000000e+00,0.000000000000000e+00,0.000000000000000e+00,0.000000000000000e+00,0.000000000000000e+00,0.000000000000000e+00,0.000000000000000e+00,0.000000000000000e+00
-1.633846032235782e+09,9.523591834551848e+07,0.000000000000000e+00,1.426075002120813e+09,0.000000000000000e+00,0.000000000000000e+00,0.000000000000000e+00,0.000000000000000e+00,0.000000000000000e+00,0.000000000000000e+00,0.000000000000000e+00,0.000000000000000e+00,0.000000000000000e+00,-3.755695746717440e+08,5.090330223002396e+09,-4.022444541477315e+08,0.000000000000000e+00,-4.343760488306511e+09,0.000000000000000e+00,0.000000000000000e+00,0.000000000000000e+00,0.000000000000000e+00,0.000000000000000e+00,0.000000000000000e+00,0.000000000000000e+00,0.000000000000000e+00,0.000000000000000e+00
9.611841088398543e+07,-2.048541967116282e+08,1.087357858276427e+08,0.000000000000000e+00,0.000000000000000e+00,0.000000000000000e+00,0.000000000000000e+00,0.000000000000000e+00,0.000000000000000e+00,0.000000000000000e+00,0.000000000000000e+00,0.000000000000000e+00,0.000000000000000e+00,0.000000000000000e+00,-4.022444541477315e+08,6.950597449038932e+08,-2.898250746139615e+08,0.000000000000000e+00,0.000000000000000e+00,0.000000000000000e+00,0.000000000000000e+00,0.000000000000000e+00,0.000000000000000e+00,0.000000000000000e+00,0.000000000000000e+00,0.000000000000000e+00,0.000000000000000e+00
0.000000000000000e+00,1.090216405175849e+08,-2.649860296099802e+08,1.559643890923953e+08,0.000000000000000e+00,0.000000000000000e+00,0.000000000000000e+00,0.000000000000000e+00,0.000000000000000e+00,0.000000000000000e+00,0.000000000000000e+00,0.000000000000000e+00,0.000000000000000e+00,0.000000000000000e+00,0.000000000000000e+00,-2.898250746139615e+08,2.402069783550340e+11,-5.222729645737436e+08,0.000000000000000e+00,-9.506514835202454e+11,2.775766483291138e+11,4.442186141745938e+11,0.000000000000000e+00,0.000000000000000e+00,0.000000000000000e+00,0.000000000000000e+00,0.000000000000000e+00
1.432019964335917e+09,0.000000000000000e+00,1.559643890923953e+08,-1.673758619033405e+09,0.000000000000000e+00,0.000000000000000e+00,0.000000000000000e+00,0.000000000000000e+00,0.000000000000000e+00,0.000000000000000e+00,0.000000000000000e+00,0.000000000000000e+00,0.000000000000000e+00,-3.364438175571883e+08,-4.343760488306511e+09,0.000000000000000e+00,-5.222729645737436e+08,5.298416518954143e+09,-5.438190963341319e+07,0.000000000000000e+00,0.000000000000000e+00,0.000000000000000e+00,0.000000000000000e+00,0.000000000000000e+00,0.000000000000000e+00,0.000000000000000e+00,0.000000000000000e+00
0.000000000000000e+00,0.000000000000000e+00,0.000000000000000e+00,0.000000000000000e+00,-2.739824504903073e+08,0.000000000000000e+00,0.000000000000000e+00,0.000000000000000e+00,0.000000000000000e+00,1.179737334453548e+08,1.560087170449525e+08,0.000000000000000e+00,0.000000000000000e+00,0.000000000000000e+00,0.000000000000000e+00,0.000000000000000e+00,0.000000000000000e+00,-5.438190963341319e+07,7.517721046474117e+08,0.000000000000000e+00,0.000000000000000e+00,0.000000000000000e+00,0.000000000000000e+00,-3.340093736157562e+08,-3.707767611083865e+08,0.000000000000000e+00,0.000000000000000e+00
0.000000000000000e+00,0.000000000000000e+00,0.000000000000000e+00,0.000000000000000e+00,0.000000000000000e+00,0.000000000000000e+00,0.000000000000000e+00,0.000000000000000e+00,0.000000000000000e+00,0.000000000000000e+00,0.000000000000000e+00,0.000000000000000e+00,0.000000000000000e+00,0.000000000000000e+00,0.000000000000000e+00,0.000000000000000e+00,-9.506514835202454e+11,0.000000000000000e+00,0.000000000000000e+00,3.779775339124200e+12,-1.103709788884138e+12,-1.767242675187498e+12,0.000000000000000e+00,0.000000000000000e+00,0.000000000000000e+00,0.000000000000000e+00,0.000000000000000e+00
0.000000000000000e+00,0.000000000000000e+00,0.000000000000000e+00,0.000000000000000e+00,0.000000000000000e+00,0.000000000000000e+00,0.000000000000000e+00,0.000000000000000e+00,0.000000000000000e+00,0.000000000000000e+00,0.000000000000000e+00,0.000000000000000e+00,0.000000000000000e+00,0.000000000000000e+00,0.000000000000000e+00,0.000000000000000e+00,2.775766483291138e+11,0.000000000000000e+00,0.000000000000000e+00,-1.103709788884138e+12,3.223043490308239e+11,5.160421640506811e+11,0.000000000000000e+00,0.000000000000000e+00,0.000000000000000e+00,0.000000000000000e+00,0.000000000000000e+00
0.000000000000000e+00,0.000000000000000e+00,0.000000000000000e+00,0.000000000000000e+00,0.000000000000000e+00,0.000000000000000e+00,0.000000000000000e+00,-2.528295765913411e+08,1.782106533467838e+08,0.000000000000000e+00,0.000000000000000e+00,0.000000000000000e+00,7.461892324455735e+07,0.000000000000000e+00,0.000000000000000e+00,0.000000000000000e+00,4.442186141745938e+11,0.000000000000000e+00,0.000000000000000e+00,-1.767242675187498e+12,5.160421640506811e+11,8.281943460603352e+11,-1.483384040582980e+09,0.000000000000000e+00,0.000000000000000e+00,0.000000000000000e+00,-1.878043961853099e+08
0.000000000000000e+00,0.000000000000000e+00,0.000000000000000e+00,0.000000000000000e+00,0.000000000000000e+00,0.000000000000000e+00,0.000000000000000e+00,1.782106533467838e+08,-7.625180802186568e+08,5.843074268718729e+08,0.000000000000000e+00,0.000000000000000e+00,0.000000000000000e+00,0.000000000000000e+00,0.000000000000000e+00,0.000000000000000e+00,0.000000000000000e+00,0.000000000000000e+00,0.000000000000000e+00,0.000000000000000e+00,0.000000000000000e+00,-1.483384040582980e+09,3.211148812722947e+09,-1.727764772139967e+09,0.000000000000000e+00,0.000000000000000e+00,0.000000000000000e+00
0.000000000000000e+00,0.000000000000000e+00,0.000000000000000e+00,0.000000000000000e+00,1.179737334453548e+08,0.000000000000000e+00,0.000000000000000e+00,0.000000000000000e+00,5.843074268718729e+08,-7.022811603172277e+08,0.000000000000000e+00,0.000000000000000e+00,0.000000000000000e+00,0.000000000000000e+00,0.000000000000000e+00,0.000000000000000e+00,0.000000000000000e+00,0.000000000000000e+00,-3.340093736157562e+08,0.000000000000000e+00,0.000000000000000e+00,0.000000000000000e+00,-1.727764772139967e+09,2.061774145755723e+09,0.000000000000000e+00,0.000000000000000e+00,0.000000000000000e+00
0.000000000000000e+00,0.000000000000000e+00,0.000000000000000e+00,0.000000000000000e+00,1.560087170449525e+08,0.000000000000000e+00,0.000000000000000e+00,0.000000000000000e+00,0.000000000000000e+00,0.000000000000000e+00,-1.560087170449525e+08,0.000000000000000e+00,0.000000000000000e+00,0.000000000000000e+00,0.000000000000000e+00,0.000000000000000e+00,0.000000000000000e+00,0.000000000000000e+00,-3.707767611083865e+08,0.000000000000000e+00,0.000000000000000e+00,0.000000000000000e+00,0.000000000000000e+00,0.000000000000000e+00,3.707767611083865e+08,0.000000000000000e+00,0.000000000000000e+00
0.000000000000000e+00,0.000000000000000e+00,0.000000000000000e+00,0.000000000000000e+00,0.000000000000000e+00,0.000000000000000e+00,0.000000000000000e+00,0.000000000000000e+00,0.000000000000000e+00,0.000000000000000e+00,0.000000000000000e+00,-1.754133978013195e+08,1.754133978013195e+08,0.000000000000000e+00,0.000000000000000e+00,0.000000000000000e+00,0.000000000000000e+00,0.000000000000000e+00,0.000000000000000e+00,0.000000000000000e+00,0.000000000000000e+00,0.000000000000000e+00,0.000000000000000e+00,0.000000000000000e+00,0.000000000000000e+00,4.041346998742872e+08,-4.041346998742872e+08
0.000000000000000e+00,0.000000000000000e+00,0.000000000000000e+00,0.000000000000000e+00,0.000000000000000e+00,0.000000000000000e+00,0.000000000000000e+00,7.461892324455735e+07,0.000000000000000e+00,0.000000000000000e+00,0.000000000000000e+00,1.754133978013195e+08,-2.500323210458769e+08,0.000000000000000e+00,0.000000000000000e+00,0.000000000000000e+00,0.000000000000000e+00,0.000000000000000e+00,0.000000000000000e+00,0.000000000000000e+00,0.000000000000000e+00,-1.878043961853099e+08,0.000000000000000e+00,0.000000000000000e+00,0.000000000000000e+00,-4.041346998742872e+08,5.919390960595971e+08
