<<<<<<< HEAD
3.339999999999999858e+01,-5.000000000000000000e+00,-5.000000000000000000e+00,-7.500000000000000000e+00,0.000000000000000000e+00,-1.666666666666666741e+00,-2.500000000000000444e+00,0.000000000000000000e+00,0.000000000000000000e+00,0.000000000000000000e+00,0.000000000000000000e+00,0.000000000000000000e+00
-5.000000000000000000e+00,2.899502800197313945e+01,0.000000000000000000e+00,0.000000000000000000e+00,-1.000000000000000000e+01,0.000000000000000000e+00,0.000000000000000000e+00,-0.000000000000000000e+00,-2.002800197313945457e-02,-1.000000000000000000e+01,9.987457106821658215e+00,-0.000000000000000000e+00
-5.000000000000000000e+00,0.000000000000000000e+00,3.875000000000000000e+01,-3.750000000000000000e+00,-3.000000000000000000e+01,1.291666666666666785e+01,-1.250000000000000222e+00,-1.000000000000000178e+01,0.000000000000000000e+00,0.000000000000000000e+00,0.000000000000000000e+00,0.000000000000000000e+00
-7.500000000000000000e+00,0.000000000000000000e+00,-3.750000000000000000e+00,1.125000000000000000e+01,0.000000000000000000e+00,-1.250000000000000222e+00,3.750000000000000888e+00,0.000000000000000000e+00,0.000000000000000000e+00,0.000000000000000000e+00,0.000000000000000000e+00,0.000000000000000000e+00
0.000000000000000000e+00,-1.000000000000000000e+01,-3.000000000000000000e+01,0.000000000000000000e+00,3.997997199802686197e+01,-1.000000000000000178e+01,0.000000000000000000e+00,9.600501715727135732e+00,2.002800197313945457e-02,0.000000000000000000e+00,-9.987457106821658215e+00,0.000000000000000000e+00
1.666666666666666741e+00,-2.592168382393800652e+00,0.000000000000000000e+00,0.000000000000000000e+00,0.000000000000000000e+00,0.000000000000000000e+00,0.000000000000000000e+00,-1.000000000000000000e+01,-3.994982842728663219e-01,0.000000000000000000e+00,-5.007000493284863296e-01,-1.000000000000000000e+01
1.666666666666666741e+00,0.000000000000000000e+00,-1.291666666666666785e+01,1.250000000000000222e+00,1.000000000000000178e+01,3.864000000000000057e+01,-3.750000000000000000e+00,-3.000000000000000000e+01,0.000000000000000000e+00,0.000000000000000000e+00,0.000000000000000000e+00,0.000000000000000000e+00
2.500000000000000444e+00,0.000000000000000000e+00,1.250000000000000222e+00,-3.750000000000000888e+00,0.000000000000000000e+00,-3.750000000000000000e+00,1.117000000000000171e+01,0.000000000000000000e+00,0.000000000000000000e+00,0.000000000000000000e+00,0.000000000000000000e+00,0.000000000000000000e+00
0.000000000000000000e+00,0.000000000000000000e+00,1.000000000000000178e+01,0.000000000000000000e+00,-1.039949828427286782e+01,-3.000000000000000000e+01,0.000000000000000000e+00,4.000002800197313491e+01,3.994982842728663219e-01,0.000000000000000000e+00,5.007000493284863296e-01,0.000000000000000000e+00
0.000000000000000000e+00,-1.000000000000000000e+01,0.000000000000000000e+00,0.000000000000000000e+00,9.979971998026860192e+00,0.000000000000000000e+00,0.000000000000000000e+00,-3.994982842728663219e-01,2.002800197313945457e-02,0.000000000000000000e+00,-9.987457106821658215e+00,0.000000000000000000e+00
0.000000000000000000e+00,0.000000000000000000e+00,0.000000000000000000e+00,0.000000000000000000e+00,-3.994982842728663219e-01,0.000000000000000000e+00,0.000000000000000000e+00,1.002002800197313981e+01,3.994982842728663219e-01,0.000000000000000000e+00,5.007000493284863296e-01,0.000000000000000000e+00
0.000000000000000000e+00,-1.002002800197313981e+01,0.000000000000000000e+00,0.000000000000000000e+00,2.002800197313945457e-02,0.000000000000000000e+00,0.000000000000000000e+00,3.994982842728663219e-01,0.000000000000000000e+00,1.000000000000000000e+01,0.000000000000000000e+00,0.000000000000000000e+00
=======
3.267767311672747610e+01,-4.997046993586814700e+00,-5.346051050536326343e+00,-5.427654130878349470e+00,0.000000000000000000e+00,0.000000000000000000e+00,0.000000000000000000e+00,0.000000000000000000e+00,0.000000000000000000e+00,0.000000000000000000e+00,0.000000000000000000e+00,0.000000000000000000e+00,0.000000000000000000e+00,-1.761904642392615461e+00,-1.777690952113652800e+00,0.000000000000000000e+00,0.000000000000000000e+00,0.000000000000000000e+00,0.000000000000000000e+00,0.000000000000000000e+00,0.000000000000000000e+00,0.000000000000000000e+00,0.000000000000000000e+00
-4.997046993586814700e+00,1.006586397118073606e+01,-5.068816977593920470e+00,0.000000000000000000e+00,0.000000000000000000e+00,0.000000000000000000e+00,0.000000000000000000e+00,0.000000000000000000e+00,0.000000000000000000e+00,0.000000000000000000e+00,0.000000000000000000e+00,0.000000000000000000e+00,0.000000000000000000e+00,-1.985975709925560606e+00,0.000000000000000000e+00,0.000000000000000000e+00,0.000000000000000000e+00,0.000000000000000000e+00,0.000000000000000000e+00,0.000000000000000000e+00,0.000000000000000000e+00,0.000000000000000000e+00,0.000000000000000000e+00
-5.346051050536326343e+00,-5.068816977593920470e+00,3.873843422795507507e+01,-2.157855398169158789e+01,0.000000000000000000e+00,-4.889512660317341108e+00,0.000000000000000000e+00,-1.855499557815900591e+00,0.000000000000000000e+00,0.000000000000000000e+00,0.000000000000000000e+00,0.000000000000000000e+00,0.000000000000000000e+00,1.043711803025850138e+01,-6.840980661495670745e+00,0.000000000000000000e+00,0.000000000000000000e+00,0.000000000000000000e+00,0.000000000000000000e+00,0.000000000000000000e+00,0.000000000000000000e+00,0.000000000000000000e+00,0.000000000000000000e+00
-5.427654130878349470e+00,0.000000000000000000e+00,-2.157855398169158789e+01,3.605075732456597848e+01,-4.555466508721121244e+00,0.000000000000000000e+00,0.000000000000000000e+00,0.000000000000000000e+00,0.000000000000000000e+00,0.000000000000000000e+00,0.000000000000000000e+00,0.000000000000000000e+00,0.000000000000000000e+00,-6.840980661495670745e+00,9.429912651242805310e+00,0.000000000000000000e+00,0.000000000000000000e+00,0.000000000000000000e+00,0.000000000000000000e+00,0.000000000000000000e+00,0.000000000000000000e+00,0.000000000000000000e+00,0.000000000000000000e+00
0.000000000000000000e+00,0.000000000000000000e+00,0.000000000000000000e+00,-4.555466508721121244e+00,1.886435582920648812e+01,0.000000000000000000e+00,0.000000000000000000e+00,0.000000000000000000e+00,0.000000000000000000e+00,-4.380659548337273002e+00,-3.398281442581458478e+00,-6.529948329566634513e+00,0.000000000000000000e+00,0.000000000000000000e+00,0.000000000000000000e+00,0.000000000000000000e+00,0.000000000000000000e+00,0.000000000000000000e+00,-2.091880562599668814e+00,-1.632785161282542363e+00,-3.315852322106647154e+00,0.000000000000000000e+00,0.000000000000000000e+00
0.000000000000000000e+00,0.000000000000000000e+00,-4.889512660317341108e+00,0.000000000000000000e+00,0.000000000000000000e+00,2.016750341299657379e+01,-6.187908032926483060e+00,-9.090082719752750506e+00,0.000000000000000000e+00,0.000000000000000000e+00,0.000000000000000000e+00,0.000000000000000000e+00,0.000000000000000000e+00,0.000000000000000000e+00,0.000000000000000000e+00,0.000000000000000000e+00,0.000000000000000000e+00,0.000000000000000000e+00,0.000000000000000000e+00,0.000000000000000000e+00,0.000000000000000000e+00,0.000000000000000000e+00,0.000000000000000000e+00
0.000000000000000000e+00,0.000000000000000000e+00,0.000000000000000000e+00,0.000000000000000000e+00,0.000000000000000000e+00,-6.187908032926483060e+00,6.187908032926483060e+00,0.000000000000000000e+00,0.000000000000000000e+00,0.000000000000000000e+00,0.000000000000000000e+00,0.000000000000000000e+00,0.000000000000000000e+00,0.000000000000000000e+00,0.000000000000000000e+00,-0.000000000000000000e+00,0.000000000000000000e+00,0.000000000000000000e+00,0.000000000000000000e+00,0.000000000000000000e+00,0.000000000000000000e+00,0.000000000000000000e+00,0.000000000000000000e+00
0.000000000000000000e+00,0.000000000000000000e+00,-1.855499557815900591e+00,0.000000000000000000e+00,0.000000000000000000e+00,-9.090082719752750506e+00,0.000000000000000000e+00,2.434002686156016892e+01,-1.036539412706091490e+01,0.000000000000000000e+00,0.000000000000000000e+00,0.000000000000000000e+00,-3.029050456930603374e+00,0.000000000000000000e+00,0.000000000000000000e+00,-0.000000000000000000e+00,5.326055039467358476e+00,-3.902049552447427683e+00,0.000000000000000000e+00,0.000000000000000000e+00,0.000000000000000000e+00,-1.424005487019931016e+00,0.000000000000000000e+00
0.000000000000000000e+00,0.000000000000000000e+00,0.000000000000000000e+00,0.000000000000000000e+00,0.000000000000000000e+00,0.000000000000000000e+00,0.000000000000000000e+00,-1.036539412706091490e+01,1.476833787652143570e+01,-4.402943749460520806e+00,0.000000000000000000e+00,0.000000000000000000e+00,0.000000000000000000e+00,0.000000000000000000e+00,0.000000000000000000e+00,0.000000000000000000e+00,-3.902049552447427683e+00,5.782934306147827108e+00,-1.880884753700399648e+00,0.000000000000000000e+00,0.000000000000000000e+00,0.000000000000000000e+00,0.000000000000000000e+00
0.000000000000000000e+00,0.000000000000000000e+00,0.000000000000000000e+00,0.000000000000000000e+00,-4.380659548337273002e+00,0.000000000000000000e+00,0.000000000000000000e+00,0.000000000000000000e+00,-4.402943749460520806e+00,8.783603297797792919e+00,0.000000000000000000e+00,0.000000000000000000e+00,0.000000000000000000e+00,0.000000000000000000e+00,0.000000000000000000e+00,0.000000000000000000e+00,0.000000000000000000e+00,-1.880884753700399648e+00,3.699061317455251796e+00,0.000000000000000000e+00,0.000000000000000000e+00,0.000000000000000000e+00,0.000000000000000000e+00
0.000000000000000000e+00,0.000000000000000000e+00,0.000000000000000000e+00,0.000000000000000000e+00,-3.398281442581458478e+00,0.000000000000000000e+00,0.000000000000000000e+00,0.000000000000000000e+00,0.000000000000000000e+00,0.000000000000000000e+00,5.650256068753670036e+00,-2.251974626172212002e+00,0.000000000000000000e+00,0.000000000000000000e+00,0.000000000000000000e+00,0.000000000000000000e+00,0.000000000000000000e+00,0.000000000000000000e+00,0.000000000000000000e+00,3.908174306441324575e+00,-2.489024586821918739e+00,0.000000000000000000e+00,0.000000000000000000e+00
0.000000000000000000e+00,0.000000000000000000e+00,0.000000000000000000e+00,0.000000000000000000e+00,-6.529948329566634513e+00,0.000000000000000000e+00,0.000000000000000000e+00,0.000000000000000000e+00,0.000000000000000000e+00,0.000000000000000000e+00,-2.251974626172212002e+00,1.109688643084419901e+01,-2.314963475105352053e+00,0.000000000000000000e+00,0.000000000000000000e+00,0.000000000000000000e+00,0.000000000000000000e+00,0.000000000000000000e+00,0.000000000000000000e+00,-2.489024586821918739e+00,6.508021230197573281e+00,-1.136994157806326733e+00,0.000000000000000000e+00
0.000000000000000000e+00,0.000000000000000000e+00,0.000000000000000000e+00,0.000000000000000000e+00,0.000000000000000000e+00,0.000000000000000000e+00,0.000000000000000000e+00,-3.029050456930603374e+00,0.000000000000000000e+00,0.000000000000000000e+00,0.000000000000000000e+00,-2.314963475105352053e+00,5.344013932035955428e+00,0.000000000000000000e+00,0.000000000000000000e+00,0.000000000000000000e+00,-1.424005487019931016e+00,0.000000000000000000e+00,0.000000000000000000e+00,0.000000000000000000e+00,-1.136994157806326733e+00,2.560999644826257970e+00,0.000000000000000000e+00
1.186095055961228439e+00,-3.172070765886789268e+00,1.985975709925560606e+00,0.000000000000000000e+00,0.000000000000000000e+00,0.000000000000000000e+00,0.000000000000000000e+00,0.000000000000000000e+00,0.000000000000000000e+00,0.000000000000000000e+00,0.000000000000000000e+00,0.000000000000000000e+00,0.000000000000000000e+00,-5.068816977593920470e+00,0.000000000000000000e+00,0.000000000000000000e+00,0.000000000000000000e+00,0.000000000000000000e+00,0.000000000000000000e+00,0.000000000000000000e+00,0.000000000000000000e+00,0.000000000000000000e+00,-1.000000000000000000e+00
1.761904642392615461e+00,1.985975709925560606e+00,-1.058886101381384570e+01,6.840980661495670745e+00,0.000000000000000000e+00,-0.000000000000000000e+00,0.000000000000000000e+00,-0.000000000000000000e+00,0.000000000000000000e+00,0.000000000000000000e+00,0.000000000000000000e+00,0.000000000000000000e+00,0.000000000000000000e+00,3.856990818726051629e+01,-2.157855398169158789e+01,-4.889512660317341108e+00,-1.855499557815900591e+00,0.000000000000000000e+00,0.000000000000000000e+00,0.000000000000000000e+00,0.000000000000000000e+00,0.000000000000000000e+00,0.000000000000000000e+00
1.777690952113652800e+00,0.000000000000000000e+00,6.840980661495670745e+00,-9.706122915877724466e+00,-0.000000000000000000e+00,0.000000000000000000e+00,0.000000000000000000e+00,0.000000000000000000e+00,0.000000000000000000e+00,0.000000000000000000e+00,0.000000000000000000e+00,0.000000000000000000e+00,0.000000000000000000e+00,-2.157855398169158789e+01,3.501652158752366972e+01,0.000000000000000000e+00,0.000000000000000000e+00,0.000000000000000000e+00,0.000000000000000000e+00,0.000000000000000000e+00,0.000000000000000000e+00,0.000000000000000000e+00,0.000000000000000000e+00
0.000000000000000000e+00,0.000000000000000000e+00,0.000000000000000000e+00,0.000000000000000000e+00,0.000000000000000000e+00,0.000000000000000000e+00,0.000000000000000000e+00,0.000000000000000000e+00,0.000000000000000000e+00,0.000000000000000000e+00,0.000000000000000000e+00,0.000000000000000000e+00,0.000000000000000000e+00,-4.889512660317341108e+00,0.000000000000000000e+00,1.893050848353273352e+01,-9.090082719752750506e+00,0.000000000000000000e+00,0.000000000000000000e+00,0.000000000000000000e+00,0.000000000000000000e+00,0.000000000000000000e+00,0.000000000000000000e+00
0.000000000000000000e+00,0.000000000000000000e+00,0.000000000000000000e+00,0.000000000000000000e+00,0.000000000000000000e+00,0.000000000000000000e+00,0.000000000000000000e+00,-5.326055039467358476e+00,3.902049552447427683e+00,0.000000000000000000e+00,0.000000000000000000e+00,0.000000000000000000e+00,1.424005487019931016e+00,-1.855499557815900591e+00,0.000000000000000000e+00,-9.090082719752750506e+00,2.384498588897558236e+01,-1.036539412706091490e+01,0.000000000000000000e+00,0.000000000000000000e+00,0.000000000000000000e+00,-3.029050456930603374e+00,0.000000000000000000e+00
0.000000000000000000e+00,0.000000000000000000e+00,0.000000000000000000e+00,0.000000000000000000e+00,0.000000000000000000e+00,0.000000000000000000e+00,0.000000000000000000e+00,3.902049552447427683e+00,-5.782934306147827108e+00,1.880884753700399648e+00,0.000000000000000000e+00,0.000000000000000000e+00,0.000000000000000000e+00,0.000000000000000000e+00,0.000000000000000000e+00,0.000000000000000000e+00,-1.036539412706091490e+01,1.476833787652143570e+01,-4.402943749460520806e+00,0.000000000000000000e+00,0.000000000000000000e+00,0.000000000000000000e+00,0.000000000000000000e+00
0.000000000000000000e+00,0.000000000000000000e+00,0.000000000000000000e+00,0.000000000000000000e+00,2.091880562599668814e+00,0.000000000000000000e+00,0.000000000000000000e+00,0.000000000000000000e+00,1.880884753700399648e+00,-3.972765316300068683e+00,0.000000000000000000e+00,0.000000000000000000e+00,0.000000000000000000e+00,0.000000000000000000e+00,0.000000000000000000e+00,0.000000000000000000e+00,0.000000000000000000e+00,-4.402943749460520806e+00,8.210432889604131645e+00,0.000000000000000000e+00,0.000000000000000000e+00,0.000000000000000000e+00,0.000000000000000000e+00
0.000000000000000000e+00,0.000000000000000000e+00,0.000000000000000000e+00,0.000000000000000000e+00,1.632785161282542363e+00,0.000000000000000000e+00,0.000000000000000000e+00,0.000000000000000000e+00,0.000000000000000000e+00,0.000000000000000000e+00,-4.121809748104460880e+00,2.489024586821918739e+00,0.000000000000000000e+00,0.000000000000000000e+00,0.000000000000000000e+00,0.000000000000000000e+00,0.000000000000000000e+00,0.000000000000000000e+00,0.000000000000000000e+00,5.205621113649554488e+00,-2.251974626172212002e+00,0.000000000000000000e+00,0.000000000000000000e+00
0.000000000000000000e+00,0.000000000000000000e+00,0.000000000000000000e+00,0.000000000000000000e+00,3.315852322106647154e+00,0.000000000000000000e+00,0.000000000000000000e+00,0.000000000000000000e+00,0.000000000000000000e+00,0.000000000000000000e+00,2.489024586821918739e+00,-6.941871066734893070e+00,1.136994157806326733e+00,0.000000000000000000e+00,0.000000000000000000e+00,0.000000000000000000e+00,0.000000000000000000e+00,0.000000000000000000e+00,0.000000000000000000e+00,-2.251974626172212002e+00,1.024250066809716131e+01,-2.314963475105352053e+00,0.000000000000000000e+00
0.000000000000000000e+00,0.000000000000000000e+00,0.000000000000000000e+00,0.000000000000000000e+00,0.000000000000000000e+00,0.000000000000000000e+00,0.000000000000000000e+00,1.424005487019931016e+00,0.000000000000000000e+00,0.000000000000000000e+00,0.000000000000000000e+00,1.136994157806326733e+00,-2.560999644826257970e+00,0.000000000000000000e+00,0.000000000000000000e+00,0.000000000000000000e+00,-3.029050456930603374e+00,0.000000000000000000e+00,0.000000000000000000e+00,0.000000000000000000e+00,-2.314963475105352053e+00,5.344013932035955428e+00,0.000000000000000000e+00
>>>>>>> refs/remotes/origin/TCSC+SVC+UPFC
